# dxfimport generated script file.
Grid mic 1 off;
Set Wire_Bend 2;
CHANGE LAYER 200;
Change Font Vector;
Circle 1 (12693.94 -17001.57) (12693.94 -16201.57);
Circle 1 (21068.98 -2507.52) (21068.98 -1707.52);
Circle 1 (4329.24 -2501.55) (4329.24 -1701.55);
Arc CCW 1 (14503.56 -18726.47) (10884.32 -15276.67) (14818.19 -18319.73);
Arc CCW 1 (15319.57 -17454.51) (14819.26 -18320.35) (14818.19 -18319.73);
Wire 1 (15319.57 -17454.51) (16224.84 -15887.83);
Arc CCW 1 (16784.18 -14919.81) (16224.84 -15887.83) (16224.84 -15887.83);
Wire 1 (16784.18 -14919.81) (21307.97 -7090.82);
Arc CCW 1 (21867.32 -6122.80) (21307.97 -7090.82) (21307.97 -7090.82);
Wire 1 (21867.32 -6122.80) (22772.59 -4556.12);
Arc CCW 1 (23271.83 -3689.66) (22773.66 -4556.74) (22772.59 -4556.12);
Arc CCW 1 (23271.83 -3689.66) (18866.13 -1325.37) (23467.09 -3213.95);
Arc CCW 1 (23552.70 -2222.65) (23566.72 -3222.56) (23467.09 -3213.95);
Arc CCW 1 (23552.70 -2222.65) (18585.25 -2792.38) (23439.77 -1714.20);
Arc CCW 1 (22942.58 -852.34) (23526.39 -1664.23) (23439.77 -1714.20);
Arc CCW 1 (22942.58 -852.34) (19195.37 -4162.69) (22558.97 -500.04);
Arc CCW 1 (21657.97 -77.89) (22601.39 -409.49) (22558.97 -500.04);
Arc CCW 1 (21657.97 -77.89) (20479.98 -4937.15) (21148.42 -8.78);
Arc CCW 1 (20148.42 -7.18) (21148.42 -7.54) (21148.42 -8.78);
Wire 1 (20148.42 -7.18) (18339.00 -6.54);
Arc CCW 1 (17221.00 -6.14) (18339.00 -6.54) (18339.00 -6.54);
Wire 1 (17221.00 -6.14) (8179.00 -2.92);
Arc CCW 1 (7061.00 -2.52) (8179.00 -2.92) (8179.00 -2.92);
Wire 1 (7061.00 -2.52) (5251.58 -1.87);
Arc CCW 1 (4251.58 -2.75) (5251.58 -0.64) (5251.58 -1.87);
Arc CCW 1 (4251.58 -2.75) (4406.90 -5000.34) (3741.98 -71.50);
Arc CCW 1 (2840.68 -493.01) (3699.61 19.08) (3741.98 -71.50);
Arc CCW 1 (2840.68 -493.01) (5817.80 -4510.08) (2456.81 -845.04);
Arc CCW 1 (1959.01 -1706.54) (2370.23 -795.00) (2456.81 -845.04);
Arc CCW 1 (1959.01 -1706.54) (6699.47 -3296.55) (1845.72 -2214.91);
Arc CCW 1 (1930.62 -3206.27) (1746.09 -2223.45) (1845.72 -2214.91);
Arc CCW 1 (1930.62 -3206.27) (6727.86 -1796.82) (2125.55 -3682.12);
Arc CCW 1 (2624.17 -4548.94) (2124.48 -3682.74) (2125.55 -3682.12);
Wire 1 (2624.17 -4548.94) (3528.32 -6116.26);
Arc CCW 1 (4086.97 -7084.68) (3528.32 -6116.26) (3528.32 -6116.26);
Wire 1 (4086.97 -7084.68) (8605.18 -14916.89);
Arc CCW 1 (9163.84 -15885.31) (8605.18 -14916.89) (8605.18 -14916.89);
Wire 1 (9163.84 -15885.31) (10067.99 -17452.63);
Arc CCW 1 (10568.75 -18318.22) (10066.92 -17453.25) (10067.99 -17452.63);
Arc CCW 1 (10568.75 -18318.22) (14819.13 -15684.92) (10883.09 -18725.18);
Arc CCW 1 (11698.78 -19294.96) (10825.82 -18807.16) (10883.09 -18725.18);
Arc CCW 1 (11698.78 -19294.96) (13689.10 -14708.17) (12195.57 -19451.39);
Arc CCW 1 (13190.56 -19451.75) (12195.54 -19551.39) (12195.57 -19451.39);
Arc CCW 1 (13190.56 -19451.75) (12197.32 -14551.39) (13687.47 -19295.67);
Arc CCW 1 (14503.56 -18726.47) (13744.67 -19377.69) (13687.47 -19295.67);
Circle 1 (12693.94 -17001.57) (12693.94 -16201.57);
Circle 1 (21068.98 -2507.52) (21068.98 -1707.52);
Circle 1 (4329.24 -2501.55) (4329.24 -1701.55);
Arc CCW 1 (14503.56 -18726.47) (10884.32 -15276.67) (14818.19 -18319.73);
Arc CCW 1 (14503.56 -18726.47) (13744.67 -19377.69) (13687.47 -19295.67);
Arc CCW 1 (13190.56 -19451.75) (12197.32 -14551.39) (13687.47 -19295.67);
Arc CCW 1 (13190.56 -19451.75) (12195.54 -19551.39) (12195.57 -19451.39);
Arc CCW 1 (11698.78 -19294.96) (13689.10 -14708.17) (12195.57 -19451.39);
Arc CCW 1 (11698.78 -19294.96) (10825.82 -18807.16) (10883.09 -18725.18);
Arc CCW 1 (10568.75 -18318.22) (14819.13 -15684.92) (10883.09 -18725.18);
Arc CCW 1 (10568.75 -18318.22) (10066.92 -17453.25) (10067.99 -17452.63);
Wire 1 (10067.99 -17452.63) (9163.84 -15885.31);
Arc CCW 1 (9163.84 -15885.31) (8605.18 -14916.89) (8605.18 -14916.89);
Wire 1 (8605.18 -14916.89) (4086.97 -7084.68);
Arc CCW 1 (4086.97 -7084.68) (3528.32 -6116.26) (3528.32 -6116.26);
Wire 1 (3528.32 -6116.26) (2624.17 -4548.94);
Arc CCW 1 (2624.17 -4548.94) (2124.48 -3682.74) (2125.55 -3682.12);
Arc CCW 1 (1930.62 -3206.27) (6727.86 -1796.82) (2125.55 -3682.12);
Arc CCW 1 (1930.62 -3206.27) (1746.09 -2223.45) (1845.72 -2214.91);
Arc CCW 1 (1959.01 -1706.54) (6699.47 -3296.55) (1845.72 -2214.91);
Arc CCW 1 (1959.01 -1706.54) (2370.23 -795.00) (2456.81 -845.04);
Arc CCW 1 (2840.68 -493.01) (5817.80 -4510.08) (2456.81 -845.04);
Arc CCW 1 (2840.68 -493.01) (3699.61 19.08) (3741.98 -71.50);
Arc CCW 1 (4251.58 -2.75) (4406.90 -5000.34) (3741.98 -71.50);
Arc CCW 1 (4251.58 -2.75) (5251.58 -0.64) (5251.58 -1.87);
Wire 1 (5251.58 -1.87) (7061.00 -2.52);
Arc CCW 1 (7061.00 -2.52) (8179.00 -2.92) (8179.00 -2.92);
Wire 1 (8179.00 -2.92) (17221.00 -6.14);
Arc CCW 1 (17221.00 -6.14) (18339.00 -6.54) (18339.00 -6.54);
Wire 1 (18339.00 -6.54) (20148.42 -7.18);
Arc CCW 1 (20148.42 -7.18) (21148.42 -7.54) (21148.42 -8.78);
Arc CCW 1 (21657.97 -77.89) (20479.98 -4937.15) (21148.42 -8.78);
Arc CCW 1 (21657.97 -77.89) (22601.39 -409.49) (22558.97 -500.04);
Arc CCW 1 (22942.58 -852.34) (19195.37 -4162.69) (22558.97 -500.04);
Arc CCW 1 (22942.58 -852.34) (23526.39 -1664.23) (23439.77 -1714.20);
Arc CCW 1 (23552.70 -2222.65) (18585.25 -2792.38) (23439.77 -1714.20);
Arc CCW 1 (23552.70 -2222.65) (23566.72 -3222.56) (23467.09 -3213.95);
Arc CCW 1 (23271.83 -3689.66) (18866.13 -1325.37) (23467.09 -3213.95);
Arc CCW 1 (23271.83 -3689.66) (22773.66 -4556.74) (22772.59 -4556.12);
Wire 1 (22772.59 -4556.12) (21867.32 -6122.80);
Arc CCW 1 (21867.32 -6122.80) (21307.97 -7090.82) (21307.97 -7090.82);
Wire 1 (21307.97 -7090.82) (16784.18 -14919.81);
Arc CCW 1 (16784.18 -14919.81) (16224.84 -15887.83) (16224.84 -15887.83);
Wire 1 (16224.84 -15887.83) (15319.57 -17454.51);
Arc CCW 1 (15319.57 -17454.51) (14819.26 -18320.35) (14818.19 -18319.73);
Window Fit;
# lines=18, arcs=66, circles=6, polylines=0
Grid last;